____New Blur Experiment Started____ 


--Starting Testing on Blur Function: seq-blur-- 

Time Spent per Attempt (milliseconds):    145.663133       147.626528       146.152331       151.665957       149.626049       148.466791       149.142957       150.957513       147.092296       148.815494       146.608986       149.828506       149.184816       146.047005       148.413171       148.276341       147.032644       154.911687       152.447215       149.094693       150.668441       146.805171       149.282414       147.928297       149.970295       148.996819       148.756050       148.670237       150.200716       147.438376       148.968921       148.154711       149.668379       146.143480       147.869035       147.526127       153.690174       148.156723       147.713304       150.813388       150.674004       149.114440       146.510554       152.369759       152.173334       149.911323       147.880451       148.137502       153.830164       149.878691       146.599206       148.221518       145.980530       150.434712       146.531902       149.400060       147.350135       150.142174       148.969579       151.135723       148.542468       151.477678       149.136597       148.746610       149.690191       154.718795       147.490531       148.358489       148.303697       150.196037       149.136452       147.538237       150.090595       150.757003       148.588725       146.422066       148.670164       146.070536       150.258316       147.556200       150.920402       148.759483       149.190818       148.410657       146.962857       149.068144       156.450461       147.150531       149.370699       147.568052       150.159051       149.034803       146.864381       149.066777       150.272563       147.781974       149.176785       148.006044       153.356920       149.539160    


   Average Time: 149.085809 ms 
   Slowest Time: 156.450461 ms 
   Fastest Time: 145.663133 ms 



--Starting Testing on Blur Function: pixel-by-pixel-blur-- 

Time Spent per Attempt (milliseconds):    6878.053896       6848.287433       6858.127579       6754.763792       6813.915834       6757.621265       6797.826867       6766.025680       6785.498879       6770.656807       6797.910601       6790.299417       6855.859314       6758.236180       6781.576866       6774.540219       6808.464683       6729.500781       6852.784818       6722.891607       6812.721086       6774.718197       6778.793761       6733.410280       6788.263292       6760.952785       6819.543481       6775.497469       6811.754209       6746.459414       6776.913381       6797.278037       6802.349198       6731.744034       6780.939626       6719.038410       6753.231599       6715.768051       6794.230244       6740.888009       6822.975427       6758.555203       6788.672062       6761.515428       6807.050009       6759.323269       6779.625114       6785.072381       6805.554325       6779.010842       6817.180945       6720.450481       6793.678821       6824.350385       6805.862281       6747.569781       6800.962685       6803.203670       6754.728832       6744.950734       6795.246318       6774.981508       6798.750574       6719.529356       6825.586649       6723.802884       6815.768346       6832.148512       6818.388526       6787.915782       6791.414546       6732.279326       6802.207429       6739.051471       6867.055836       6759.964105       6827.094247       6766.514761       6831.555884       6791.793454       6791.840708       6761.630163       6799.063573       6747.281313       6832.483513       6774.187099       6816.092596       6764.021135       6803.045842       6776.679257       6993.243134       6863.079663       6877.103409       6771.324893       6805.644146       6802.173090       6791.308428       6716.843475       6759.749356       6731.993550    


   Average Time: 6787.574676 ms 
   Slowest Time: 6993.243134 ms 
   Fastest Time: 6715.768051 ms 



--Starting Testing on Blur Function: sector-core-blur-- 

Time Spent per Attempt (milliseconds):    34.390594       42.143784       42.186799       42.188063       42.163067       39.822026       42.074398       42.162023       42.146811       42.072122       26.636553       26.724762       26.650494       26.725446       26.734659       26.786617       27.612241       26.562236       26.627921       26.780825       36.951240       27.136401       27.115752       26.759044       26.658477       26.632964       26.690936       26.655332       26.634071       26.678751       26.726299       26.700286       26.810712       26.855804       27.671233       26.695841       26.629865       26.786863       26.750933       26.670564       26.730255       26.762329       26.651433       26.773297       26.567198       26.604069       26.584880       26.602834       26.753960       26.687032       27.196411       26.808298       26.662580       26.658639       26.633713       26.879470       26.743029       26.769955       27.078180       26.620616       26.683249       26.677997       26.675582       26.627256       26.863189       26.547224       26.647912       26.708116       26.741037       29.522244       26.689415       26.583675       26.685705       26.726267       26.687364       28.167122       26.698408       26.684862       32.343380       26.591999       26.688592       26.700784       26.815258       26.692489       26.783524       27.404467       26.875687       29.519659       26.802908       26.740492       26.703939       26.836569       26.979320       26.932608       26.798273       26.755813       34.190468       26.860476       26.724587       26.758558    


   Average Time: 28.502875 ms 
   Slowest Time: 42.188063 ms 
   Fastest Time: 26.547224 ms 



--Starting Testing on Blur Function: row-blur-- 

Time Spent per Attempt (milliseconds):    32.211054       33.677809       31.801482       30.673152       33.020281       33.459021       33.226425       32.346243       35.678254       31.875902       31.488096       31.921867       32.101429       33.626770       32.401341       32.304365       31.916721       32.388884       32.788607       33.092271       32.155974       34.018456       32.292911       32.526493       31.486242       31.506099       32.846857       33.194847       32.656526       32.889356       32.616467       32.636557       31.542791       31.725939       31.212570       32.647257       32.701426       32.322174       33.936798       32.739339       34.623538       32.843376       32.597104       31.991403       32.388298       31.685504       32.148922       32.620141       31.958889       31.951871       31.867539       32.440176       32.066755       32.015296       30.912193       34.021731       32.928201       32.482463       31.631668       33.130025       33.256631       32.763383       32.118170       33.930638       32.239755       32.533269       32.272707       33.395705       34.192334       32.195751       32.085272       32.599549       32.325004       33.154580       31.664423       32.172938       32.715570       32.704836       31.959154       32.344818       38.079509       31.565074       33.158605       32.811391       32.243578       31.628953       32.600534       32.448364       32.090385       32.822200       32.304776       32.979265       41.210238       33.191248       32.211715       32.563066       32.757739       33.011559       31.908614       32.372236    


   Average Time: 32.665437 ms 
   Slowest Time: 41.210238 ms 
   Fastest Time: 30.673152 ms 



--Starting Testing on Blur Function: column-blur-- 

Time Spent per Attempt (milliseconds):    35.980101       35.405790       35.712938       36.873819       36.443693       36.446261       34.971784       35.085209       35.559765       34.666612       36.143723       35.846918       36.878477       36.465374       35.729927       35.703485       35.474459       34.799418       35.270251       34.752415       35.083565       35.811362       36.463347       36.111183       34.169326       35.607615       35.144062       35.128375       37.220153       34.307910       35.714305       34.666421       35.620667       35.080317       34.751818       35.434002       34.790024       34.390707       37.265739       37.500337       39.647180       38.242131       36.552879       35.900793       37.091919       36.051455       35.778501       38.173290       35.219527       36.386000       38.237950       34.854928       34.769280       35.793699       36.743622       35.859024       35.622455       36.669633       38.968392       34.980927       37.089889       35.654163       39.032710       37.320364       37.464670       38.281093       38.113545       36.088700       39.474949       38.976608       38.958237       38.007838       38.927170       40.998969       37.168122       42.366313       38.634530       38.006180       37.839565       36.876949       38.671151       39.356789       38.016233       39.285401       39.102303       39.693323       39.297490       38.155035       40.121476       39.472465       37.074007       38.706932       37.749916       39.605001       39.365566       38.284088       37.742250       39.109896       38.798585       38.585781    


   Average Time: 36.974895 ms 
   Slowest Time: 42.366313 ms 
   Fastest Time: 34.169326 ms 








